service_id,monday,tuesday,wednesday,thursday,friday,saturday,sunday,start_date,end_date
20C-H50C000S-90-S,1,1,1,1,1,0,0,20200601,20200612
20C-H50C000S-90-SV,0,0,0,0,1,0,0,20200601,20200612
20C-H54C000S-11-S,1,1,1,1,1,0,0,20200601,20200612
20C-H55C000S-84-S,1,1,1,1,1,0,0,20200601,20200612
20C-H55C000S-84-SV,0,0,0,0,1,0,0,20200601,20200612
20C-H56C000S-86-S,1,1,1,1,1,0,0,20200601,20200612
20C-H56C000S-86-SV,0,0,0,0,1,0,0,20200601,20200612
20C-H57C000S-85-S,1,1,1,1,1,0,0,20200601,20200612
20C-H58C000S-82-S,1,1,1,1,1,0,0,20200601,20200612
20C-H59C000S-01-S,1,1,1,1,1,0,0,20200601,20200612
20C-H59C000S-01-SV,0,0,0,0,1,0,0,20200601,20200612
20C-H60C000S-93-S,1,1,1,1,1,0,0,20200601,20200612
20C-H62C000S-01-S,1,1,1,1,1,0,0,20200601,20200612
20C-GLOBAUX-04-S,1,1,1,1,1,0,0,20200601,20200612
20C-H50C000A-90-A,0,0,0,0,0,1,0,20200606,20200613
20C-H54C000A-11-A,0,0,0,0,0,1,0,20200606,20200613
20C-H55C000A-02-A,0,0,0,0,0,1,0,20200606,20200613
20C-H56C000A-01-A,0,0,0,0,0,1,0,20200606,20200613
20C-H57C000A-01-A,0,0,0,0,0,1,0,20200606,20200613
20C-H58C000A-01-A,0,0,0,0,0,1,0,20200606,20200613
20C-H59C000A-01-A,0,0,0,0,0,1,0,20200606,20200613
20C-H60C000A-05-A,0,0,0,0,0,1,0,20200606,20200613
20C-H62C000A-01-A,0,0,0,0,0,1,0,20200606,20200613
20C-GLOBAUX-04-A,0,0,0,0,0,1,0,20200606,20200613
20C-H50C000I-90-I,0,0,0,0,0,0,1,20200607,20200614
20C-H54C000I-11-I,0,0,0,0,0,0,1,20200607,20200614
20C-H55C000I-03-I,0,0,0,0,0,0,1,20200607,20200614
20C-H56C000I-01-I,0,0,0,0,0,0,1,20200607,20200614
20C-H57C000I-01-I,0,0,0,0,0,0,1,20200607,20200614
20C-H58C000I-01-I,0,0,0,0,0,0,1,20200607,20200614
20C-H59C000I-01-I,0,0,0,0,0,0,1,20200607,20200614
20C-H60C000I-04-I,0,0,0,0,0,0,1,20200607,20200614
20C-H62C000I-02-I,0,0,0,0,0,0,1,20200607,20200614
20C-GLOBAUX-04-I,0,0,0,0,0,0,1,20200607,20200614
20U-H50U000S-91-S,1,1,1,1,1,0,0,20200615,20200710
20U-H50U000S-91-SV,0,0,0,0,1,0,0,20200615,20200710
20U-H54U000S-11-S,1,1,1,1,1,0,0,20200615,20200821
20U-H55U000S-84-S,1,1,1,1,1,0,0,20200615,20200821
20U-H55U000S-84-SV,0,0,0,0,1,0,0,20200615,20200821
20U-H56U000S-86-S,1,1,1,1,1,0,0,20200615,20200821
20U-H56U000S-86-SV,0,0,0,0,1,0,0,20200615,20200821
20U-H57U000S-11-S,1,1,1,1,1,0,0,20200615,20200821
20U-H58U000S-88-S,1,1,1,1,1,0,0,20200615,20200821
20U-H59U000S-84-S,1,1,1,1,1,0,0,20200615,20200821
20U-H59U000S-84-SV,0,0,0,0,1,0,0,20200615,20200821
20U-H60U000S-05-S,1,1,1,1,1,0,0,20200615,20200821
20U-H62U000S-05-S,1,1,1,1,1,0,0,20200615,20200821
20U-GLOBAUX-10-S,1,1,1,1,1,0,0,20200615,20200821
20U-H50U000A-90-A,0,0,0,0,0,1,0,20200620,20200711
20U-H54U000A-11-A,0,0,0,0,0,1,0,20200620,20200822
20U-H55U000A-88-A,0,0,0,0,0,1,0,20200620,20200822
20U-H56U000A-02-A,0,0,0,0,0,1,0,20200620,20200822
20U-H57U000A-11-A,0,0,0,0,0,1,0,20200620,20200822
20U-H58U000A-10-A,0,0,0,0,0,1,0,20200620,20200822
20U-H59U000A-83-A,0,0,0,0,0,1,0,20200620,20200822
20U-H60U000A-04-A,0,0,0,0,0,1,0,20200620,20200822
20U-H62U000A-05-A,0,0,0,0,0,1,0,20200620,20200822
20U-GLOBAUX-20-A,0,0,0,0,0,1,0,20200620,20200822
20U-H50U000I-90-I,0,0,0,0,0,0,1,20200621,20200712
20U-H54U000I-11-I,0,0,0,0,0,0,1,20200621,20200823
20U-H55U000I-88-I,0,0,0,0,0,0,1,20200621,20200823
20U-H56U000I-02-I,0,0,0,0,0,0,1,20200621,20200823
20U-H57U000I-11-I,0,0,0,0,0,0,1,20200621,20200823
20U-H58U000I-10-I,0,0,0,0,0,0,1,20200621,20200823
20U-H59U000I-84-I,0,0,0,0,0,0,1,20200621,20200823
20U-H60U000I-04-I,0,0,0,0,0,0,1,20200621,20200823
20U-H62U000I-05-I,0,0,0,0,0,0,1,20200621,20200823
20U-GLOBAUX-20-I,0,0,0,0,0,0,1,20200621,20200823
20U-H50U100F-03-F1,0,0,1,0,0,0,0,20200624,20200624
20U-H54U100F-00-F1,0,0,1,0,0,0,0,20200624,20200624
20U-H55U100F-01-F1,0,0,1,0,0,0,0,20200624,20200624
20U-H56U100F-00-F1,0,0,1,0,0,0,0,20200624,20200624
20U-H57U100F-02-F1,0,0,1,0,0,0,0,20200624,20200624
20U-H58U100F-03-F1,0,0,1,0,0,0,0,20200624,20200624
20U-H59U100F-01-F1,0,0,1,0,0,0,0,20200624,20200624
20U-H60U100F-01-F1,0,0,1,0,0,0,0,20200624,20200624
20U-H62U100F-00-F1,0,0,1,0,0,0,0,20200624,20200624
20U-GLOBAUX-20-F1,0,0,1,0,0,0,0,20200624,20200624
20U-H50U200F-03-F2,0,0,1,0,0,0,0,20200701,20200701
20U-H54U200F-00-F2,0,0,1,0,0,0,0,20200701,20200701
20U-H55U200F-01-F2,0,0,1,0,0,0,0,20200701,20200701
20U-H56U200F-00-F2,0,0,1,0,0,0,0,20200701,20200701
20U-H57U200F-03-F2,0,0,1,0,0,0,0,20200701,20200701
20U-H58U200F-00-F2,0,0,1,0,0,0,0,20200701,20200701
20U-H59U200F-00-F2,0,0,1,0,0,0,0,20200701,20200701
20U-H60U200F-03-F2,0,0,1,0,0,0,0,20200701,20200701
20U-H62U200F-01-F2,0,0,1,0,0,0,0,20200701,20200701
20U-GLOBAUX-20-F2,0,0,1,0,0,0,0,20200701,20200701
20U-H50U000S-94-S,1,1,1,1,1,0,0,20200713,20200821
20U-H50U000S-94-SV,0,0,0,0,1,0,0,20200713,20200821
20U-H50U000A-93-A,0,0,0,0,0,1,0,20200718,20200822
20U-H50U000I-93-I,0,0,0,0,0,0,1,20200719,20200823
